3055    1111                
3056    10                    
3057    8                      
3058    51250              
3059    3055
3060    51350              
3061    3056   
3062    51150              
3063    3055               
3064    101100            
3065    11160             
3066    1
3067    21360             
3068    1
3069    81300              
3070    3064
3071    51350              
3072    3056
3073    111100            
3074    21360             
3075    1
3076    81300             
3077    3073
3078    21260             
3079    1
3080    81200             
3081    3060
3082    0                 
-1      3058      
